function H_b_sym = H_b_mf(x1,x2,x4,x5,x7,x8,x10,x11)
%H_B_MF
%    H_B_SYM = H_B_MF(X1,X2,X4,X5,X7,X8,X10,X11)

%    This function was generated by the Symbolic Math Toolbox version 7.1.
%    24-Aug-2017 09:33:23

t2 = x1.^2;
t3 = x2.^2;
t4 = x10.^2;
t5 = x11.^2;
t9 = x1.*x10.*2.0;
t10 = x2.*x11.*2.0;
t6 = t2+t3+t4+t5-t9-t10;
t7 = 1.0./t6;
t8 = x2-x11;
t11 = x1-x10;
t12 = t7.*t11;
t13 = t7.*t8;
t14 = x4.^2;
t15 = x5.^2;
t19 = x4.*x10.*2.0;
t20 = x5.*x11.*2.0;
t16 = t4+t5+t14+t15-t19-t20;
t17 = 1.0./t16;
t18 = x5-x11;
t21 = x4-x10;
t22 = t17.*t21;
t23 = t17.*t18;
t24 = x7.^2;
t25 = x8.^2;
t29 = x7.*x10.*2.0;
t30 = x8.*x11.*2.0;
t26 = t4+t5+t24+t25-t29-t30;
t27 = 1.0./t26;
t28 = x8-x11;
t31 = x7-x10;
t32 = t27.*t31;
t33 = t27.*t28;
t37 = x1.*x7.*2.0;
t38 = x2.*x8.*2.0;
t34 = t2+t3+t24+t25-t37-t38;
t35 = 1.0./t34;
t36 = x2-x8;
t39 = x1-x7;
t40 = t35.*t39;
t41 = t35.*t36;
t45 = x4.*x7.*2.0;
t46 = x5.*x8.*2.0;
t42 = t14+t15+t24+t25-t45-t46;
t43 = 1.0./t42;
t44 = x5-x8;
t47 = x4-x7;
t48 = t43.*t47;
t49 = t43.*t44;
t53 = x1.*x4.*2.0;
t54 = x2.*x5.*2.0;
t50 = t2+t3+t14+t15-t53-t54;
t51 = 1.0./t50;
t52 = x2-x5;
t55 = x1-x4;
t56 = t51.*t55;
t57 = t51.*t52;
H_b_sym = reshape([-t7.*t8,-t13,0.0,0.0,0.0,0.0,-t35.*t36,-t41,0.0,0.0,-t51.*t52,-t57,t12,t12,0.0,0.0,0.0,0.0,t40,t40,0.0,0.0,t56,t56,0.0,-1.0,0.0,0.0,0.0,0.0,0.0,-1.0,0.0,0.0,0.0,-1.0,0.0,0.0,-t17.*t18,-t23,0.0,0.0,0.0,0.0,-t43.*t44,-t49,t57,t57,0.0,0.0,t22,t22,0.0,0.0,0.0,0.0,t48,t48,-t56,-t56,0.0,0.0,0.0,-1.0,0.0,0.0,0.0,0.0,0.0,-1.0,-1.0,0.0,0.0,0.0,0.0,0.0,-t27.*t28,-t33,t41,t41,t49,t49,0.0,0.0,0.0,0.0,0.0,0.0,t32,t32,-t40,-t40,-t48,-t48,0.0,0.0,0.0,0.0,0.0,0.0,0.0,-1.0,-1.0,0.0,-1.0,0.0,0.0,0.0,t13,t13,t23,t23,t33,t33,0.0,0.0,0.0,0.0,0.0,0.0,-t12,-t12,-t22,-t22,-t32,-t32,0.0,0.0,0.0,0.0,0.0,0.0,-1.0,0.0,-1.0,0.0,-1.0,0.0,0.0,0.0,0.0,0.0,0.0,0.0],[12,12]);
